function a=m1v2a(v)
v1 = 1300;
a1=133;
v2=1600;
a2=104;
a =a1+(v-v1)*(a2-a1)/(v2-v1);